[gd_scene format=3 uid="uid://dcm6yw353m5mv"]

[ext_resource type="PackedScene" uid="uid://6nqpre2bkijq" path="res://assets/entities/character_models/Wizard.gltf" id="1_yhstn"]

[sub_resource type="AnimationNodeAnimation" id="AnimationNodeAnimation_yhstn"]
animation = &"Idle"

[sub_resource type="AnimationNodeAnimation" id="AnimationNodeAnimation_qi72c"]
animation = &"Run"

[sub_resource type="AnimationNodeStateMachineTransition" id="AnimationNodeStateMachineTransition_wpms7"]
advance_mode = 2

[sub_resource type="AnimationNodeStateMachineTransition" id="AnimationNodeStateMachineTransition_jsd04"]
xfade_time = 0.2
advance_mode = 2
advance_expression = "is_on_floor() and velocity.length() > .2"

[sub_resource type="AnimationNodeStateMachineTransition" id="AnimationNodeStateMachineTransition_yn530"]
xfade_time = 0.2
advance_mode = 2
advance_expression = "is_on_floor() and velocity.length() <= .2"

[sub_resource type="AnimationNodeStateMachine" id="AnimationNodeStateMachine_1ru7o"]
states/Idle/node = SubResource("AnimationNodeAnimation_yhstn")
states/Idle/position = Vector2(338, 61)
states/Run/node = SubResource("AnimationNodeAnimation_qi72c")
states/Run/position = Vector2(448, 55)
transitions = ["Start", "Idle", SubResource("AnimationNodeStateMachineTransition_wpms7"), "Idle", "Run", SubResource("AnimationNodeStateMachineTransition_jsd04"), "Run", "Idle", SubResource("AnimationNodeStateMachineTransition_yn530")]

[node name="BaseCharacter" unique_id=1600053189 instance=ExtResource("1_yhstn")]

[node name="CharacterArmature" parent="." index="0" unique_id=434203895]
transform = Transform3D(-1, 0, -8.742278e-08, 0, 1, 0, 8.742278e-08, 0, -1, 0, 0, 0)

[node name="Head" parent="CharacterArmature/GeneralSkeleton" parent_id_path=PackedInt32Array(590772060) index="0" unique_id=1212893262]
transform = Transform3D(1, 0, 0, 0, 1, 0, 0, 0, 1, -0.00063837686, 2.0995746, 0.08092589)

[node name="UpperArm_L" parent="CharacterArmature/GeneralSkeleton" parent_id_path=PackedInt32Array(590772060) index="1" unique_id=598471502]
transform = Transform3D(0.5546097, 0.4514386, 0.69900715, 0.13264635, -0.87726367, 0.46131673, 0.8214699, -0.16313006, -0.54642063, 0.31953597, 1.843331, 0.043003187)

[node name="Weapon_R" parent="CharacterArmature/GeneralSkeleton" parent_id_path=PackedInt32Array(590772060) index="2" unique_id=350651211]
transform = Transform3D(-0.035598356, -0.019517662, -0.9991756, -0.3672726, -0.9295888, 0.031243505, -0.929432, 0.36808214, 0.025923584, -0.5695102, 0.97549325, 0.16498023)

[node name="UpperArm_R" parent="CharacterArmature/GeneralSkeleton" parent_id_path=PackedInt32Array(590772060) index="3" unique_id=1815884108]
transform = Transform3D(0.48921785, -0.4679852, -0.7359728, -0.118112564, -0.87162495, 0.47573066, -0.86412704, -0.14580826, -0.48168933, -0.31953627, 1.843331, 0.043003157)

[node name="Abdomen" parent="CharacterArmature/GeneralSkeleton" parent_id_path=PackedInt32Array(590772060) index="4" unique_id=1940800673]
transform = Transform3D(1, 0, 0, 0, 1, 0, 0, 0, 1, -0.00063837686, 1.2212756, -0.090982355)

[node name="AnimationPlayer" parent="." index="1" unique_id=595267079]
unique_name_in_owner = true

[node name="AnimationTree" type="AnimationTree" parent="." index="2" unique_id=2106885785]
unique_name_in_owner = true
root_node = NodePath("%AnimationTree/..")
tree_root = SubResource("AnimationNodeStateMachine_1ru7o")
advance_expression_base_node = NodePath("..")
anim_player = NodePath("../AnimationPlayer")
