[gd_scene format=3 uid="uid://dny30uk6syuim"]

[ext_resource type="PackedScene" uid="uid://h4fdxnwsctgh" path="res://src/common/zones/Forest.tscn" id="1_y31u1"]
[ext_resource type="PackedScene" uid="uid://btit4ocb6jg8x" path="res://src/game-server/zones/ServerZone.tscn" id="2_gg3qb"]

[node name="Root" unique_id=395385420 instance=ExtResource("1_y31u1")]

[node name="ServerZone" parent="." index="0" unique_id=588403582 instance=ExtResource("2_gg3qb")]
zone_id = "forest"

[node name="Camera3D" parent="ServerZone" index="2" unique_id=184597766]
transform = Transform3D(0.9488981, 0, -0.31558272, 0, 1, 0, 0.31558272, 0, 0.9488981, 14.055216, 6.7234898, 0)

[node name="Sky3D" parent="." index="1" unique_id=1333401661]
current_time = 19.51349333334424

[node name="SunLight" parent="Sky3D" index="0" unique_id=1661133506]
transform = Transform3D(0.2984035, -0.44936574, -0.8420367, 0, 0.88223135, -0.4708162, 0.9544398, 0.1404932, 0.26326093, -0.8420367, -0.4708162, 0.26326093)

[node name="MoonLight" parent="Sky3D" index="1" unique_id=679287759]
transform = Transform3D(0, -0.749155, -0.66239476, 0.28008285, -0.635883, 0.7191707, -0.95997584, -0.18552542, 0.20982546, -0.66239476, 0.7191707, 0.20982546)
light_energy = 0.16630453
shadow_enabled = true

[node name="SkyDome" parent="Sky3D" index="2" unique_id=680469966]
sun_azimuth = -4.4093695
sun_altitude = -2.061012
moon_azimuth = -4.4056206
moon_altitude = -0.7681883

[node name="TimeOfDay" parent="Sky3D" index="3" unique_id=1305249844]
current_time = 19.51349333334424
day = 5

[node name="ToOtherZone" parent="ZoneBorders" parent_id_path=PackedInt32Array(524813708) index="0" unique_id=563370041]
transform = Transform3D(1, 0, 0, 0, 1, 0, 0, 0, 1, 0, 0, -46.47527)
target_entry_position = Vector3(10, 3, -5)

[editable path="ServerZone"]
