[gd_scene format=3 uid="uid://dny30uk6syuim"]

[ext_resource type="PackedScene" uid="uid://h4fdxnwsctgh" path="res://src/common/zones/Forest.tscn" id="1_y31u1"]
[ext_resource type="PackedScene" uid="uid://btit4ocb6jg8x" path="res://src/game-server/zones/ServerZone.tscn" id="2_gg3qb"]

[node name="Root" unique_id=395385420 instance=ExtResource("1_y31u1")]

[node name="ServerZone" parent="." index="0" unique_id=588403582 instance=ExtResource("2_gg3qb")]
zone_id = "forest"

[node name="Camera3D" parent="ServerZone" index="2" unique_id=184597766]
transform = Transform3D(0.9488981, 0, -0.31558272, 0, 1, 0, 0.31558272, 0, 0.9488981, 14.055216, 6.7234898, 0)

[node name="Sky3D" parent="." index="1" unique_id=1333401661]
current_time = 8.227733333344712

[node name="SunLight" parent="Sky3D" index="0" unique_id=1661133506]
transform = Transform3D(0.5630758, -0.33393553, 0.75593174, 0, 0.9147228, 0.40408203, -0.8264053, -0.22752881, 0.5150582, 0.75593174, 0.40408203, 0.5150582)
light_color = Color(0.9961633, 0.90849423, 0.8645638, 1)
light_energy = 1.0
shadow_enabled = true

[node name="MoonLight" parent="Sky3D" index="1" unique_id=679287759]
transform = Transform3D(0, -0.5359399, 0.84425616, -0.16524267, -0.83265007, -0.5285723, 0.9862529, -0.13950714, -0.08856015, 0.84425616, -0.5285723, -0.08856015)

[node name="SkyDome" parent="Sky3D" index="2" unique_id=680469966]
sun_azimuth = -2.1688993
sun_altitude = -1.1548213
moon_azimuth = -1.4662813
moon_altitude = -2.1277142

[node name="TimeOfDay" parent="Sky3D" index="3" unique_id=1305249844]
current_time = 8.227733333344712
day = 5

[node name="ToOtherZone" parent="ZoneBorders" parent_id_path=PackedInt32Array(524813708) index="0" unique_id=563370041]
transform = Transform3D(1, 0, 0, 0, 1, 0, 0, 0, 1, 0, 0, -46.47527)

[editable path="ServerZone"]
