[gd_scene format=3 uid="uid://dny30uk6syuim"]

[ext_resource type="PackedScene" uid="uid://h4fdxnwsctgh" path="res://src/common/zones/Forest.tscn" id="1_y31u1"]
[ext_resource type="PackedScene" uid="uid://btit4ocb6jg8x" path="res://src/game-server/zones/ServerZone.tscn" id="2_gg3qb"]

[node name="Root" unique_id=395385420 instance=ExtResource("1_y31u1")]

[node name="ServerZone" parent="." index="0" unique_id=588403582 instance=ExtResource("2_gg3qb")]
zone_id = "forest"

[node name="Camera3D" parent="ServerZone" index="2" unique_id=184597766]
transform = Transform3D(0.9488981, 0, -0.31558272, 0, 1, 0, 0.31558272, 0, 0.9488981, 14.055216, 6.7234898, 0)

[node name="Sky3D" parent="." index="1" unique_id=1333401661]
current_time = 5.107920000011502

[node name="SunLight" parent="Sky3D" index="0" unique_id=1661133506]
transform = Transform3D(0.33122087, 0.2700836, 0.90407276, 0, 0.9581576, -0.286241, -0.9435532, 0.09480899, 0.3173618, 0.90407276, -0.286241, 0.3173618)

[node name="MoonLight" parent="Sky3D" index="1" unique_id=679287759]
transform = Transform3D(0, -0.9764393, 0.21579263, -0.19980493, -0.21144132, -0.95675004, 0.9798357, -0.04311643, -0.19509737, 0.21579261, -0.95675, -0.19509736)

[node name="SkyDome" parent="Sky3D" index="2" unique_id=680469966]
sun_azimuth = -1.9083935
sun_altitude = -1.8610977
moon_azimuth = -0.83572257
moon_altitude = -2.8464134

[node name="TimeOfDay" parent="Sky3D" index="3" unique_id=1305249844]
current_time = 5.107920000011502
day = 5

[editable path="ServerZone"]
