[gd_scene format=3 uid="uid://dny30uk6syuim"]

[ext_resource type="PackedScene" uid="uid://h4fdxnwsctgh" path="res://src/common/zones/Forest.tscn" id="1_y31u1"]
[ext_resource type="PackedScene" uid="uid://btit4ocb6jg8x" path="res://src/game-server/zones/ServerZone.tscn" id="2_gg3qb"]

[node name="Root" unique_id=395385420 instance=ExtResource("1_y31u1")]

[node name="ServerZone" parent="." index="0" unique_id=588403582 instance=ExtResource("2_gg3qb")]
zone_id = "forest"

[node name="Camera3D" parent="ServerZone" index="2" unique_id=184597766]
transform = Transform3D(0.9488981, 0, -0.31558272, 0, 1, 0, 0.31558272, 0, 0.9488981, 14.055216, 6.7234898, 0)

[node name="Sky3D" parent="." index="1" unique_id=1333401661]
current_time = 14.458773333342624

[node name="SunLight" parent="Sky3D" index="0" unique_id=1661133506]
transform = Transform3D(0.7022876, 0.42108205, -0.57400525, 0, 0.806308, 0.59149605, 0.71189326, -0.41540036, 0.56626016, -0.5740052, 0.591496, 0.5662601)
light_color = Color(1, 1, 1, 1)
light_energy = 1.0
shadow_enabled = true

[node name="MoonLight" parent="Sky3D" index="1" unique_id=679287759]
transform = Transform3D(0, -0.72524697, 0.6884889, 0.15064502, 0.6806318, 0.7169704, -0.9885879, 0.103717424, 0.10925484, 0.68848884, 0.7169703, 0.10925483)

[node name="SkyDome" parent="Sky3D" index="2" unique_id=680469966]
sun_azimuth = -3.933783
sun_altitude = -0.9378834
moon_azimuth = -1.728172
moon_altitude = -0.77134985

[node name="TimeOfDay" parent="Sky3D" index="3" unique_id=1305249844]
current_time = 14.458773333342624
day = 6

[node name="ToOtherZone" parent="ZoneBorders" parent_id_path=PackedInt32Array(524813708) index="0" unique_id=563370041]
transform = Transform3D(1, 0, 0, 0, 1, 0, 0, 0, 1, 0, 0, -46.47527)

[editable path="ServerZone"]
